0.20468681695429
0.256721562911248
0.363624179655188
0.506239217880867
0.584520454674787
0.629832305624688
0.669437812108445
0.739414787227229
0.205573322672055
0.248070953009181
0.346742170793645
0.484544347974732
0.549455236397047
0.650942415854099
0.695961073869799
0.727920414012015
0.276439522752599
0.38319717596157
0.495870051423457
0.561919226845888
0.605086848547586
0.657819645075452
0.719263653144157
0.303578202367621
0.390581759115935
0.518066183936555
0.572754572535393
0.61377214690686
0.679553129539609
0.75045666928092
0.224892683242584
0.249375880802275
0.333686992449752
0.482593102508793
0.580596510195422
0.635936734478011
0.710632296800558
0.754926804762483
