0.036231884057971016
0.053763440860215055
0.03571428571428571
0.15789473684210525
0.09803921568627451
0.041666666666666664
0.08333333333333333
0.03816793893129771
0.06578947368421052
0.06944444444444445
0.14285714285714285
0.08928571428571429
0.04716981132075472
0.125
0.04310344827586207
0.060240963855421686
0.041666666666666664
0.035211267605633804
0.08771929824561403
0.035211267605633804
0.0641025641025641
0.0625
0.046296296296296294
0.06172839506172839
0.04950495049504951
0.0364963503649635
0.054945054945054944
0.05747126436781609
0.04032258064516129
0.038461538461538464
0.058823529411764705
0.036231884057971016
0.04132231404958678
0.125
0.057692307692307696
0.049019607843137254
0.03571428571428571
0.050505050505050504
0.03968253968253968
0.14705882352941177
0.03546099290780142
0.038461538461538464
0.05952380952380952
0.057971014492753624
0.17647058823529413
0.037037037037037035
0.043859649122807015
0.1282051282051282
0.049019607843137254
0.03571428571428571
0.035211267605633804
0.078125
0.047619047619047616
0.035211267605633804
0.05263157894736842
0.035211267605633804
0.08196721311475409
0.04201680672268908
0.16129032258064516
0.038461538461538464
0.046296296296296294
0.13793103448275862
0.0
0.09090909090909091
0.08620689655172414
0.038461538461538464
0.16666666666666666
0.04807692307692308
0.1
0.10416666666666667
0.03546099290780142
0.03597122302158273
0.06172839506172839
0.04065040650406504
0.03546099290780142
0.03875968992248062
0.11627906976744186
0.04
0.05102040816326531
0.043478260869565216
0.0641025641025641
0.25
0.08333333333333333
0.03597122302158273
0.125
0.14285714285714285
0.037037037037037035
0.125
0.03676470588235294
0.06779661016949153
0.05434782608695652
0.047619047619047616
0.038461538461538464
0.058823529411764705
0.03546099290780142
0.03937007874015748
0.20833333333333334
0.05747126436781609
0.03759398496240601
0.03676470588235294
0.05813953488372093
0.0625
0.036231884057971016
0.04065040650406504
0.0
0.04950495049504951
0.04132231404958678
0.053763440860215055
0.050505050505050504
0.04950495049504951
0.13333333333333333
0.08
0.03759398496240601
0.26666666666666666
0.06557377049180328
0.04716981132075472
0.07042253521126761
0.375
0.03571428571428571
0.3125
0.07042253521126761
0.10256410256410256
0.05
0.4
0.10204081632653061
0.047619047619047616
0.043859649122807015
0.04132231404958678
0.046296296296296294
0.053763440860215055
0.16666666666666666
0.08620689655172414
0.07142857142857142
0.05747126436781609
0.1
0.053763440860215055
0.11764705882352941
0.2857142857142857
0.04716981132075472
0.043859649122807015
0.2
0.056179775280898875
0.056179775280898875
0.0851063829787234
0.1282051282051282
0.03571428571428571
0.05555555555555555
0.21739130434782608
0.03571428571428571
0.08
0.04201680672268908
0.04424778761061947
0.03571428571428571
0.12
0.052083333333333336
0.036231884057971016
0.08333333333333333
0.0
0.08196721311475409
0.1388888888888889
0.12121212121212122
0.06756756756756757
0.0684931506849315
0.1111111111111111
0.07352941176470588
0.035211267605633804
0.05813953488372093
0.05263157894736842
0.05952380952380952
0.11764705882352941
0.1
0.075
0.10869565217391304
0.23076923076923078
0.04424778761061947
0.11904761904761904
0.07142857142857142
0.06666666666666667
0.05434782608695652
0.05263157894736842
0.03731343283582089
0.056179775280898875
0.038461538461538464
0.13513513513513514
0.25
0.06666666666666667
0.07692307692307693
0.04032258064516129
0.05
0.03968253968253968
0.047619047619047616
0.09803921568627451
0.043478260869565216
0.125
0.0
0.07142857142857142
0.08163265306122448
0.07575757575757576
0.05434782608695652
0.03731343283582089
0.10204081632653061
0.03571428571428571
0.03731343283582089
0.057692307692307696
0.25
0.053763440860215055
0.16666666666666666
0.08196721311475409
0.05555555555555555
0.08196721311475409
0.0
0.04
0.03968253968253968
0.0423728813559322
0.04065040650406504
0.052083333333333336
0.10204081632653061
0.10526315789473684
0.04672897196261682
0.054945054945054944
0.04424778761061947
0.07575757575757576
0.058823529411764705
0.0
0.05434782608695652
0.07142857142857142
0.035211267605633804
0.0641025641025641
0.1
0.045454545454545456
0.11904761904761904
0.041666666666666664
0.06097560975609756
0.12195121951219512
0.05434782608695652
0.043859649122807015
0.04807692307692308
0.07017543859649122
0.21428571428571427
0.15
0.03731343283582089
0.04201680672268908
0.043859649122807015
0.047619047619047616
0.03816793893129771
0.04672897196261682
0.04854368932038835
0.04950495049504951
0.03731343283582089
0.03731343283582089
0.08620689655172414
0.06756756756756757
0.05970149253731343
0.04424778761061947
0.035211267605633804
0.046296296296296294
0.04
0.03546099290780142
0.03571428571428571
0.03571428571428571
0.03571428571428571
0.035211267605633804
0.07575757575757576
0.0
0.035211267605633804
0.036231884057971016
0.044642857142857144
0.03787878787878788
0.03597122302158273
0.06756756756756757
0.07246376811594203
0.037037037037037035
0.042735042735042736
0.03546099290780142
0.05952380952380952
0.18181818181818182
0.07407407407407407
0.09090909090909091
0.14285714285714285
0.1111111111111111
0.03968253968253968
0.038461538461538464
0.0390625
0.03968253968253968
0.03546099290780142
0.10204081632653061
0.03571428571428571
0.036231884057971016
0.16666666666666666
0.0
0.04424778761061947
0.29411764705882354
0.03731343283582089
0.04065040650406504
0.0364963503649635
0.08928571428571429
0.06172839506172839
0.05747126436781609
0.13513513513513514
0.040983606557377046
0.04672897196261682
0.03787878787878788
0.03571428571428571
0.22727272727272727
0.040983606557377046
0.054945054945054944
0.08928571428571429
0.2
0.07462686567164178
0.03937007874015748
0.04950495049504951
0.14285714285714285
0.04032258064516129
0.0364963503649635
0.23529411764705882
0.3333333333333333
0.07352941176470588
0.043859649122807015
0.03937007874015748
0.03731343283582089
0.035211267605633804
0.043478260869565216
0.035211267605633804
0.043478260869565216
0.03875968992248062
0.08333333333333333
0.03571428571428571
0.040983606557377046
0.11428571428571428
0.03597122302158273
0.03571428571428571
0.03731343283582089
0.03816793893129771
0.0390625
0.03937007874015748
0.03787878787878788
0.035211267605633804
0.03787878787878788
0.05263157894736842
0.03731343283582089
0.035211267605633804
0.03816793893129771
0.10204081632653061
0.04672897196261682
0.040983606557377046
0.08695652173913043
0.05063291139240506
0.043859649122807015
0.2777777777777778
0.052083333333333336
0.03676470588235294
0.03546099290780142
0.036231884057971016
0.06666666666666667
0.06097560975609756
0.12121212121212122
0.0364963503649635
0.037037037037037035
0.058823529411764705
0.09803921568627451
0.03571428571428571
0.035211267605633804
0.08064516129032258
0.42857142857142855
0.125
0.06944444444444445
0.03731343283582089
0.05555555555555555
0.07246376811594203
0.09302325581395349
0.03571428571428571
0.07547169811320754
0.043859649122807015
0.03546099290780142
0.035211267605633804
0.03731343283582089
0.12195121951219512
0.05555555555555555
0.07042253521126761
0.03875968992248062
0.042735042735042736
0.04424778761061947
0.03787878787878788
0.058823529411764705
0.036231884057971016
0.036231884057971016
0.05263157894736842
0.041666666666666664
0.052083333333333336
0.03731343283582089
0.04132231404958678
0.056818181818181816
0.03937007874015748
0.08571428571428572
0.045454545454545456
0.10416666666666667
0.04310344827586207
0.1111111111111111
0.040983606557377046
0.08333333333333333
0.11764705882352941
0.044642857142857144
0.03597122302158273
0.04
0.05263157894736842
0.1388888888888889
0.04310344827586207
0.07692307692307693
0.03787878787878788
0.03676470588235294
0.0425531914893617
0.0625
0.03937007874015748
0.0423728813559322
0.03816793893129771
0.1111111111111111
0.06578947368421052
0.06493506493506493
0.0
0.07142857142857142
0.04032258064516129
0.11764705882352941
0.035211267605633804
0.041666666666666664
0.052083333333333336
0.038461538461538464
0.0641025641025641
0.036231884057971016
0.0364963503649635
0.053763440860215055
0.03571428571428571
0.03546099290780142
0.0364963503649635
0.041666666666666664
0.0364963503649635
0.03676470588235294
0.19230769230769232
0.23529411764705882
0.04
0.03731343283582089
0.045871559633027525
0.0
0.0390625
0.03759398496240601
0.0
0.10638297872340426
0.03597122302158273
0.05263157894736842
0.0390625
0.14814814814814814
0.03968253968253968
0.038461538461538464
0.04032258064516129
0.04065040650406504
0.07352941176470588
0.0423728813559322
0.04672897196261682
0.036231884057971016
0.09615384615384616
0.05952380952380952
0.058823529411764705
0.04201680672268908
0.05154639175257732
0.04672897196261682
0.05405405405405406
0.035211267605633804
0.03571428571428571
0.03571428571428571
0.13513513513513514
0.041666666666666664
0.03816793893129771
0.037037037037037035
0.049019607843137254
0.04065040650406504
0.13513513513513514
0.09090909090909091
0.14814814814814814
0.05952380952380952
0.07462686567164178
0.04032258064516129
0.3333333333333333
0.0
0.035211267605633804
0.14705882352941177
0.03676470588235294
0.056179775280898875
0.08888888888888889
0.03731343283582089
0.06944444444444445
0.07462686567164178
0.0
0.04032258064516129
0.03676470588235294
0.037037037037037035
0.041666666666666664
0.18181818181818182
0.0975609756097561
0.0
0.03571428571428571
0.08
0.05952380952380952
0.03676470588235294
0.16
0.09433962264150944
0.04424778761061947
0.0364963503649635
0.09090909090909091
0.035211267605633804
0.06172839506172839
0.03731343283582089
0.03816793893129771
0.1
0.056179775280898875
0.05714285714285714
0.11627906976744186
0.044642857142857144
0.043859649122807015
0.03676470588235294
0.052083333333333336
0.03787878787878788
0.03816793893129771
0.1111111111111111
0.0364963503649635
0.03731343283582089
0.25
0.15151515151515152
0.06779661016949153
0.03546099290780142
0.1282051282051282
0.0784313725490196
0.1111111111111111
0.04950495049504951
0.11764705882352941
0.04132231404958678
0.046296296296296294
0.03787878787878788
0.0390625
0.13793103448275862
0.03968253968253968
0.07352941176470588
0.16
0.10638297872340426
0.03759398496240601
0.042735042735042736
0.2
0.08571428571428572
0.09090909090909091
0.11627906976744186
0.056818181818181816
0.08695652173913043
0.03546099290780142
0.044642857142857144
0.04504504504504504
0.03816793893129771
0.06060606060606061
0.03816793893129771
0.06493506493506493
0.1
0.060240963855421686
0.25
0.0
0.04065040650406504
0.04819277108433735
0.0847457627118644
0.03937007874015748
0.050505050505050504
0.10526315789473684
0.10810810810810811
0.07692307692307693
0.05970149253731343
0.044642857142857144
0.035211267605633804
0.4
0.040983606557377046
0.03875968992248062
0.03968253968253968
0.049019607843137254
0.3
0.10416666666666667
0.07462686567164178
0.036231884057971016
0.06976744186046512
0.04950495049504951
0.03597122302158273
0.03546099290780142
0.09259259259259259
0.10638297872340426
0.06493506493506493
0.046296296296296294
0.10256410256410256
0.043478260869565216
0.0364963503649635
0.03333333333333333
0.04065040650406504
0.08333333333333333
0.10714285714285714
0.0625
0.05952380952380952
0.08
0.07042253521126761
0.03597122302158273
0.04
0.06779661016949153
0.05813953488372093
0.049019607843137254
0.125
0.05
0.03759398496240601
0.03731343283582089
0.07692307692307693
0.0
0.035211267605633804
0.03597122302158273
0.036231884057971016
0.21052631578947367
0.04132231404958678
0.03571428571428571
0.125
0.15625
0.08064516129032258
0.03676470588235294
0.038461538461538464
0.040983606557377046
0.25
0.038461538461538464
0.038461538461538464
0.07246376811594203
0.03816793893129771
0.04132231404958678
0.0
0.0
0.05263157894736842
0.0364963503649635
0.05154639175257732
0.03759398496240601
0.08620689655172414
0.03676470588235294
0.06329113924050633
0.11904761904761904
0.035211267605633804
0.0390625
0.2
0.050505050505050504
0.05102040816326531
0.050505050505050504
0.15
0.036231884057971016
0.09259259259259259
0.04950495049504951
0.07042253521126761
0.04032258064516129
0.054945054945054944
0.0625
0.03731343283582089
0.03875968992248062
0.10344827586206896
0.045871559633027525
0.1111111111111111
0.06666666666666667
0.04672897196261682
0.0364963503649635
0.05747126436781609
0.07462686567164178
0.04672897196261682
0.0
0.036231884057971016
0.046296296296296294
0.03731343283582089
0.16666666666666666
0.03546099290780142
0.04132231404958678
0.038461538461538464
0.049019607843137254
0.043859649122807015
0.03571428571428571
0.038461538461538464
0.25
0.03968253968253968
0.04950495049504951
0.07462686567164178
0.2222222222222222
0.10869565217391304
0.04
0.03546099290780142
0.058823529411764705
0.18181818181818182
0.043859649122807015
0.13157894736842105
0.08108108108108109
0.03731343283582089
0.04310344827586207
0.058823529411764705
0.03676470588235294
0.035211267605633804
0.043478260869565216
0.052083333333333336
0.04310344827586207
0.0847457627118644
0.06756756756756757
0.07352941176470588
0.05970149253731343
0.052083333333333336
0.0
0.0
0.0684931506849315
0.15151515151515152
0.17647058823529413
0.07352941176470588
0.035211267605633804
0.060240963855421686
0.06578947368421052
0.03676470588235294
0.09090909090909091
0.052083333333333336
0.041666666666666664
0.05747126436781609
0.03597122302158273
0.03676470588235294
0.04424778761061947
0.035211267605633804
0.14285714285714285
0.0364963503649635
0.03875968992248062
0.06382978723404255
0.03759398496240601
0.04065040650406504
0.0
0.0
0.11428571428571428
0.07272727272727272
0.04132231404958678
0.03968253968253968
0.05813953488372093
0.03546099290780142
0.12121212121212122
0.04950495049504951
0.036231884057971016
0.19047619047619047
0.057971014492753624
0.03759398496240601
0.0847457627118644
0.056179775280898875
0.041666666666666664
0.0364963503649635
0.07017543859649122
0.042735042735042736
0.03546099290780142
0.07575757575757576
0.03787878787878788
0.03571428571428571
0.1111111111111111
0.04950495049504951
0.035211267605633804
0.5
0.049019607843137254
0.04950495049504951
0.043478260869565216
0.0
0.13333333333333333
0.08823529411764706
0.045871559633027525
0.08196721311475409
0.0
0.2727272727272727
0.05813953488372093
0.07692307692307693
0.050505050505050504
0.06097560975609756
0.14285714285714285
0.5
0.0364963503649635
0.03787878787878788
0.05434782608695652
0.03937007874015748
0.07936507936507936
0.09090909090909091
0.0423728813559322
0.375
0.03676470588235294
0.04672897196261682
0.036231884057971016
0.037037037037037035
0.03731343283582089
0.04132231404958678
0.07407407407407407
0.038461538461538464
0.0641025641025641
0.13333333333333333
0.045454545454545456
0.19230769230769232
0.3
0.375
0.0
0.05952380952380952
0.08333333333333333
0.20833333333333334
0.045454545454545456
0.10810810810810811
0.07575757575757576
0.25
0.044642857142857144
0.0
0.05154639175257732
0.03759398496240601
0.0
0.0
0.035211267605633804
0.07575757575757576
0.035211267605633804
0.3333333333333333
0.03676470588235294
0.16666666666666666
0.037037037037037035
0.0
0.0
0.0
0.07407407407407407
0.0
0.0
0.11627906976744186
0.054945054945054944
0.07692307692307693
0.07142857142857142
0.0423728813559322
0.060240963855421686
0.03597122302158273
0.1111111111111111
0.2222222222222222
1.0
0.09090909090909091
0.11627906976744186
0.0
0.09302325581395349
0.4166666666666667
0.0
0.03597122302158273
0.0
0.04716981132075472
0.07692307692307693
0.09523809523809523
0.5
0.03731343283582089
0.0364963503649635
0.25
0.07407407407407407
0.0
